#Decay #BR
k2pi : 0.2066
k3pi : 0.0559
k3pi0 : 0.01761
km2 : 0.6355
ke2 : 0.00001581
ke3 : 0.0507
km3 : 0.033135
km2gsdp : 8.37e-6
km2gsdm : 1.92e-6
km2gintp : 1.47e-5
km2gintm : -4.61e-5
pim2 : 0.1
